103
6
12
4
6
2
6
4
3
2
2
2
6
6
7
6
5
6
12
2
5
5
3
3
1
26
12
10
8
4
3160
54
71
15
67
5
34
5
5
13
5
12
3
374
13
5
124
364
143
22
32
117
14
2
16
41
9
4
2
3
2
3
2
2
2
8
38
1
9
2
13
41
23
3
5
21
21
19
9
13
5
9
14
7
8
29
2
4
4
13
3
8
53
59
2
2
2
3
2
10
4
1407
54
2
43
69
20
19
2
5
2
10
18
5
49
5
20
9
3
5
8
2
2
2
37
5
6
7
8
89
7
6
5
6
2
2
6
15
35
11
2
4
17
2
3
10
2
10
6
2
5
2
10
2
3
4
4
17
9
4
3
2
4
11
3
7
25
2
2
3
2
2
2
1
2
9
2
3
16
4
8
28
2
55
4
2
8
2
2
3
4
17
2
5
3
5
4
193
3
3
17
18
11
11
11
10
4
2
19
3
2
8
4
18
4
2
6
5
5
5
9
4
9
3
3
10
15
7
279
2
5
3
4
99
2
2
2
16
4
2
7
2
6
4
4
4
4
4
25
2
2
4
5
6
5
3
5
9
2
28
4
2
6
3
54
6
2
6
14
3
6
1
1
1
7
16
4
4
26
17
4
3
2
6
3
7
3
2
9
11
1
3
2
2
2
2
46
3
5
4
5
3
3
4
7
201
8
7
2
2
44
1151
10
728
27
12
18
220
65
41
21
17
25
9
21
4
18
6
3
24
58
11
2
11
11
714
4
3
9
8
18
13
21
118
40
9
14
25
8
14
13
2
13
3
6
18
7
4
3
3
2
2
2
11
2
2
5
3
2
10
6
5
2
5
34
3
3
6
7
11
12
26
4
30
3
3
4
3
7
15
15
12
16
15
5
17
12
4
2
2
2
7
2
3
5
3
3
21
4
3
3
2
4
2
9
2
2
3
9
5
2
3
147
11
23
3
3
2
19
5
4
11
4
7
2
2
2
6
5
1
1
1
16
2
2
2
12
2
5
5
18
6
16
3
5
55
4
4
629
3
2
2
2
5
4
4
3
2
9
8
11
11
7
19
8
19
7
7
8
3
5
5
3
9
3
3
3
9
3
4
3
14
2
6
3
3
685
9
3
4
3
4
2
841
841
56
56
38
405
405
227
478
93
5
381
126
126
126
136
136
136
37
33
19
19
59
47
36
49
135
12
595
47
29
9
4
3
52
4
20
18
18
18
18
156
3
138
77
16
54
3
201
563
21
21
21
21
2
2
2
2
20
58
20
191
20
20
58
96
58
115
20
40
195
20
20
20
40
40
1
154
53
53
53
209
72
43
24
60
16
2
2
2
2
2
2
54
10
9
3
2
5
2
3
2
2
3
3
3
3
41
2
15
15
15
15
7
26
396
12
51
11
21
11
105
10
15
3
3
10
4
9
11
4
7
2
13
6
6
5
5
2
2
5
11
35
33
9
14
13
9
2
5
1
4
1
1
1
1
1
1
1
1
10
1
1
1
1
1
1
1
1
1
1
1
1
1
1
1
1
1
1
1
1
1
1
1
1
1
1
1
1
1
1
1
13
447
10
3
18
8
2
9
15
58
46
14
5
8
40
15
11
20
5
2
3
4
3
3
11
11
6
8
2
4
6
28
7
9
2
2
2
2
11
9
29
4
8
6
4
46
3
5
13
17
2
38
15
5
17
9
10
8
8
8
8
8
8
8
8
7
2
2
2
2
2
2
2
2
2
2
2
3
4
3
5
6
16
11
11
3
10
10
33
33
31
33
33
31
7
7
7
7
7
7
12
5
12
5
12
5
12
5
12
5
12
5
10
9
6
3
6
3
3
3
18
8
13
18
90
9
7
4
4
4
7
4
6
10
5
5
4
4
6
4
4
4
4
9
7
10
4
4
4
11
4
2
2
4
4
4
4
4
4
4
4
4
4
12
4
4
4
4
4
4
48
7
7
2
3
4
8
3
9
3
4
3
2
2
7
15
7
7
7
7
7
7
7
7
7
4
4
8
2
2
2
2
4
3
3
3
3
3
3
3
3
3
2
2
2
2
2
2
2
2
2
2
2
6
5
5
3
3
3
3
3
3
3
3
3
3
3
3
3
3
38
22
10
4
126
3
12
2
2
5
5
13
1
6
1
6
5
2
4
3
4
7
9
5
5
7
5
5
5
4
4
5
4
4
4
2
93
4
4
4
4
4
4
2
3
4
4
3
3
6
2
4
3
3
4
4
3
3
2
4
4
2
2
13
8
4
4
5
4
4
4
2
3
3
2
6
6
6
6
6
6
6
6
6
20
20
20
20
20
20
20
20
20
20
20
20
20
20
20
20
20
20
2
14
5
5
5
5
14
5
5
5
5
14
5
5
5
5
14
5
5
5
5
14
5
5
5
5
14
5
5
5
5
14
5
5
5
5
14
5
5
5
5
14
5
5
5
5
12
9
9
9
5
5
5
5
4
4
4
4
4
4
4
5
5
5
5
5
5
5
5
5
5
5
5
6
6
7
6
6
5
5
5
10
1
1
1
1
1
1
1
3
1
1
1
4
4
3
3
4
2
2
3
9
3
2
6
2
3
35
39
58
28
37
88
5
5
6
65
27
25
39
32
34
20
4
6
6
339
16
1
6
54
99
37
44
58
64
38
28
17
21
9
6
13
4
1
1
7
3
1
1
1
1
9
6
5
5
5
5
7
5
6
7
5
7
5
6
1
1
5
6
4
5
5
4
5
5
4
3
3
8
5
5
3
17
16
21
13
9
5
14
15
7
2
2
5
4
3
2
39
3
3
2
5
2
2
2
5
2
3
5
7
5
5
5
5
5
5
5
3
5
5
2
2
4
2
174
3
3
3
2
1
13
6
2
2
2
3
1
12
39
21
21
19
4
4
6
6
16
16
37
34
19
9
7
7
7
7
7
6
27
12
11
7
6
8
17
14
14
2
2
21
201
49
40
34
3
10
2
2
4
6
3
6
42
19
24
21
9
5
5
2
11
12
13
12
45
26
6
4
11
17
5
3
2
2
1
1
3
2
2
3
5
2
4
2
4
7
2
2
12
2
2
1
9
11
3
3
4
4
5
3
2
1
1
1
1
3
3
35
32
4
4
5
8
6
18
6
2
2
7
2
5
3
3
9
2
5
3
2
3
2
2
2
2
5
5
16
11
2
3
30
3
5
2
3
2
3
2
2
2
2
2
3
1
2
5
3
2
2
3
2
1
3
3
15
2
2
2
5
84
40
2
2
2
2
3
3
2
3
2
3
2
2
10
12
12
9
3
3
3
3
2
4
5
5
5
5
4
2
2
85
5
3
11
9
3
3
3
2
6
5
433
5
2
30
3
23
4
4
7
8
4
4
3
5
5
5
137
12
4
23
20
2
65
123
2
3
3
6
16
6
6
5
9
90
140
25
2
1
361
6
198
4
4
3
9
4
4
4
4
4
4
4
4
4
4
4
15
18
5
5
5
3
4
4
4
5
10
11
10
18
5
5
5
6
4
9
3
4
6
4
6
4
6
4
5
4
6
4
6
22
6
4
6
5
6
4
2
13
3
3
2
5
4
15
4
17
19
33
13
3
56
44
2
5
5
4
3
4
54
147
32
94
5
9
2
2
2
4
4
5
5
5
5
5
5
5
3
102
2
15
4
4
2
4
2
42
51
3
348
302
81
111
182
